# dimensionless total [l(l+1)/2pi] C_l's
# for l=2 to 2500, i.e. number of multipoles equal to 2499
#
# -> if you prefer output in CAMB/HealPix/LensPix units/order, set 'format' to 'camb' in input file
# -> if you don't want to see such a header, set 'headers' to 'no' in input file
#
# 1:l     2:TT                 
    2       1.374518839353e-10 
    3       1.300984715652e-10 
    4       1.231426717787e-10 
    5       1.179268362741e-10 
    6       1.143409316848e-10 
    7       1.120508466615e-10 
    8       1.107068767235e-10 
    9       1.100742952974e-10 
   10       1.099632493334e-10 
   11       1.102594252601e-10 
   12       1.109025935486e-10 
   13       1.117773556920e-10 
   14       1.128050955010e-10 
   15       1.140106044526e-10 
   16       1.153996930317e-10 
   17       1.168482716431e-10 
   18       1.183977013484e-10 
   19       1.200631921625e-10 
   20       1.217784938534e-10 
   21       1.235574478333e-10 
   22       1.254068026872e-10 
   23       1.273168251552e-10 
   24       1.292540709843e-10 
   25       1.312292314599e-10 
   26       1.332525567196e-10 
   27       1.353318585693e-10 
   28       1.374560680615e-10 
   29       1.396001789754e-10 
   30       1.417714463543e-10 
   31       1.439779426544e-10 
   32       1.462185350224e-10 
   33       1.484950094884e-10 
   34       1.508020479576e-10 
   35       1.531286010639e-10 
   36       1.554780028366e-10 
   37       1.578532580024e-10 
   38       1.602507776570e-10 
   39       1.626640253434e-10 
   40       1.650977356627e-10 
   41       1.675573155546e-10 
   42       1.700444878715e-10 
   43       1.725586697383e-10 
   44       1.751025764046e-10 
   45       1.776776850454e-10 
   46       1.802823234887e-10 
   47       1.829113802215e-10 
   48       1.855587590046e-10 
   49       1.882262375737e-10 
   50       1.909166078553e-10 
   51       1.936310031116e-10 
   52       1.963687479771e-10 
   53       1.991285652345e-10 
   54       2.019129056487e-10 
   55       2.047244701545e-10 
   56       2.075648595931e-10 
   57       2.104344816351e-10 
   58       2.133324577043e-10 
   59       2.162574335096e-10 
   60       2.192104418403e-10 
   61       2.221925412791e-10 
   62       2.252039098779e-10 
   63       2.282437827119e-10 
   64       2.313103894339e-10 
   65       2.344019218221e-10 
   66       2.375198148531e-10 
   67       2.406660509290e-10 
   68       2.438421581925e-10 
   69       2.470491768924e-10 
   70       2.502876257487e-10 
   71       2.535574683182e-10 
   72       2.568584923024e-10 
   73       2.601916065089e-10 
   74       2.635577332178e-10 
   75       2.669573935015e-10 
   76       2.703906830177e-10 
   77       2.738572478026e-10 
   78       2.773562600645e-10 
   79       2.808863939763e-10 
   80       2.844463672604e-10 
   81       2.880367275124e-10 
   82       2.916583333631e-10 
   83       2.953118027245e-10 
   84       2.989974990605e-10 
   85       3.027155176570e-10 
   86       3.064656718938e-10 
   87       3.102474795145e-10 
   88       3.140601488978e-10 
   89       3.179029005936e-10 
   90       3.217760196642e-10 
   91       3.256799438945e-10 
   92       3.296149346366e-10 
   93       3.335810681037e-10 
   94       3.375782266634e-10 
   95       3.416060901311e-10 
   96       3.456641270636e-10 
   97       3.497515860527e-10 
   98       3.538674870186e-10 
   99       3.580108670429e-10 
  100       3.621815764182e-10 
  101       3.663795797027e-10 
  102       3.706047056896e-10 
  103       3.748566417858e-10 
  104       3.791349283909e-10 
  105       3.834389532761e-10 
  106       3.877679459626e-10 
  107       3.921209721010e-10 
  108       3.964969278498e-10 
  109       4.008945342542e-10 
  110       4.053125608144e-10 
  111       4.097505407687e-10 
  112       4.142081372570e-10 
  113       4.186849189850e-10 
  114       4.231803568549e-10 
  115       4.276938205970e-10 
  116       4.322245754011e-10 
  117       4.367717785474e-10 
  118       4.413344760383e-10 
  119       4.459115992293e-10 
  120       4.505019614607e-10 
  121       4.551042546885e-10 
  122       4.597170461159e-10 
  123       4.643389446178e-10 
  124       4.689691288388e-10 
  125       4.736068736977e-10 
  126       4.782513840169e-10 
  127       4.829017924895e-10 
  128       4.875571576463e-10 
  129       4.922164618232e-10 
  130       4.968786091285e-10 
  131       5.015424234098e-10 
  132       5.062066462214e-10 
  133       5.108699347917e-10 
  134       5.155308599899e-10 
  135       5.201879042938e-10 
  136       5.248394597564e-10 
  137       5.294839702692e-10 
  138       5.341203792675e-10 
  139       5.387477247144e-10 
  140       5.433649978557e-10 
  141       5.479711421030e-10 
  142       5.525650519167e-10 
  143       5.571455716889e-10 
  144       5.617114946268e-10 
  145       5.662615616358e-10 
  146       5.707944602022e-10 
  147       5.753088232765e-10 
  148       5.798032281567e-10 
  149       5.842761953709e-10 
  150       5.887261875607e-10 
  151       5.931516083645e-10 
  152       5.975508013000e-10 
  153       6.019221698529e-10 
  154       6.062645526514e-10 
  155       6.105768811920e-10 
  156       6.148580612727e-10 
  157       6.191069724928e-10 
  158       6.233224677542e-10 
  159       6.275033727608e-10 
  160       6.316484855197e-10 
  161       6.357565758408e-10 
  162       6.398263848380e-10 
  163       6.438566244288e-10 
  164       6.478459768352e-10 
  165       6.517930940837e-10 
  166       6.556965975060e-10 
  167       6.595550772391e-10 
  168       6.633670917260e-10 
  169       6.671311672157e-10 
  170       6.708457972637e-10 
  171       6.745095412819e-10 
  172       6.781213304554e-10 
  173       6.816801864944e-10 
  174       6.851851247864e-10 
  175       6.886351543005e-10 
  176       6.920292774920e-10 
  177       6.953664902067e-10 
  178       6.986457815856e-10 
  179       7.018661339692e-10 
  180       7.050265228022e-10 
  181       7.081259165379e-10 
  182       7.111632765425e-10 
  183       7.141375570000e-10 
  184       7.170477048163e-10 
  185       7.198926595237e-10 
  186       7.226713531859e-10 
  187       7.253827103018e-10 
  188       7.280256477104e-10 
  189       7.305990744952e-10 
  190       7.331018918889e-10 
  191       7.355330666922e-10 
  192       7.378918578819e-10 
  193       7.401776068558e-10 
  194       7.423896655903e-10 
  195       7.445273967855e-10 
  196       7.465901740104e-10 
  197       7.485773818477e-10 
  198       7.504884160391e-10 
  199       7.523226836301e-10 
  200       7.540796031153e-10 
  201       7.557586045833e-10 
  202       7.573591298616e-10 
  203       7.588806326621e-10 
  204       7.603225787258e-10 
  205       7.616844459677e-10 
  206       7.629657246223e-10 
  207       7.641659173884e-10 
  208       7.652845395742e-10 
  209       7.663211192420e-10 
  210       7.672751973541e-10 
  211       7.681463279169e-10 
  212       7.689340781266e-10 
  213       7.696380680487e-10 
  214       7.702580923374e-10 
  215       7.707940070204e-10 
  216       7.712456909498e-10 
  217       7.716130460518e-10 
  218       7.718959975755e-10 
  219       7.720944943421e-10 
  220       7.722085089941e-10 
  221       7.722380382443e-10 
  222       7.721831031252e-10 
  223       7.720437492377e-10 
  224       7.718200470007e-10 
  225       7.715120918997e-10 
  226       7.711200047366e-10 
  227       7.706439318782e-10 
  228       7.700840455056e-10 
  229       7.694405438635e-10 
  230       7.687136515089e-10 
  231       7.679036195607e-10 
  232       7.670107259485e-10 
  233       7.660352756618e-10 
  234       7.649776009992e-10 
  235       7.638380618175e-10 
  236       7.626170457808e-10 
  237       7.613149686097e-10 
  238       7.599322696803e-10 
  239       7.584693980104e-10 
  240       7.569268259073e-10 
  241       7.553050537800e-10 
  242       7.536046103780e-10 
  243       7.518260530309e-10 
  244       7.499699678877e-10 
  245       7.480369701561e-10 
  246       7.460277043416e-10 
  247       7.439428444873e-10 
  248       7.417830944128e-10 
  249       7.395491879535e-10 
  250       7.372418892004e-10 
  251       7.348619927389e-10 
  252       7.324103238884e-10 
  253       7.298877389413e-10 
  254       7.272951254029e-10 
  255       7.246334022302e-10 
  256       7.219035200714e-10 
  257       7.191064615051e-10 
  258       7.162432412800e-10 
  259       7.133149065537e-10 
  260       7.103225371324e-10 
  261       7.072672457100e-10 
  262       7.041501781077e-10 
  263       7.009725135130e-10 
  264       6.977354647190e-10 
  265       6.944402783641e-10 
  266       6.910881775831e-10 
  267       6.876801860195e-10 
  268       6.842172947223e-10 
  269       6.807005190148e-10 
  270       6.771308986367e-10 
  271       6.735094978861e-10 
  272       6.698374057613e-10 
  273       6.661157361034e-10 
  274       6.623456277376e-10 
  275       6.585282446156e-10 
  276       6.546647759577e-10 
  277       6.507564363944e-10 
  278       6.468044661091e-10 
  279       6.428101309793e-10 
  280       6.387747227194e-10 
  281       6.346995590221e-10 
  282       6.305859837008e-10 
  283       6.264353668314e-10 
  284       6.222491048944e-10 
  285       6.180286209171e-10 
  286       6.137753646153e-10 
  287       6.094908125354e-10 
  288       6.051764681967e-10 
  289       6.008338622329e-10 
  290       5.964645525346e-10 
  291       5.920701243912e-10 
  292       5.876521906327e-10 
  293       5.832123917720e-10 
  294       5.787523961465e-10 
  295       5.742739000609e-10 
  296       5.697786279282e-10 
  297       5.652682281126e-10 
  298       5.607439545521e-10 
  299       5.562069699041e-10 
  300       5.516584484484e-10 
  301       5.470995760875e-10 
  302       5.425315503478e-10 
  303       5.379555803797e-10 
  304       5.333728869584e-10 
  305       5.287847024843e-10 
  306       5.241922709840e-10 
  307       5.195968481106e-10 
  308       5.149997011443e-10 
  309       5.104021089932e-10 
  310       5.058053621937e-10 
  311       5.012107629112e-10 
  312       4.966196249407e-10 
  313       4.920332737076e-10 
  314       4.874530462677e-10 
  315       4.828802913085e-10 
  316       4.783163691494e-10 
  317       4.737626517424e-10 
  318       4.692205226729e-10 
  319       4.646913771599e-10 
  320       4.601766220569e-10 
  321       4.556776758525e-10 
  322       4.511959686708e-10 
  323       4.467329422722e-10 
  324       4.422900500540e-10 
  325       4.378687570508e-10 
  326       4.334705399354e-10 
  327       4.290968870192e-10 
  328       4.247492982529e-10 
  329       4.204292852269e-10 
  330       4.161383711722e-10 
  331       4.118780909608e-10 
  332       4.076498728139e-10 
  333       4.034546777238e-10 
  334       3.992933442979e-10 
  335       3.951667055047e-10 
  336       3.910755885464e-10 
  337       3.870208147306e-10 
  338       3.830031993427e-10 
  339       3.790235515180e-10 
  340       3.750826741144e-10 
  341       3.711813635839e-10 
  342       3.673204098451e-10 
  343       3.635005961557e-10 
  344       3.597226989842e-10 
  345       3.559874878824e-10 
  346       3.522957253577e-10 
  347       3.486481667450e-10 
  348       3.450455600792e-10 
  349       3.414886459671e-10 
  350       3.379781574599e-10 
  351       3.345148199253e-10 
  352       3.310993509197e-10 
  353       3.277324600604e-10 
  354       3.244148488976e-10 
  355       3.211472107871e-10 
  356       3.179302307622e-10 
  357       3.147645854057e-10 
  358       3.116509427224e-10 
  359       3.085899620115e-10 
  360       3.055822937383e-10 
  361       3.026285794067e-10 
  362       2.997294514312e-10 
  363       2.968855330097e-10 
  364       2.940974379948e-10 
  365       2.913657707667e-10 
  366       2.886911261052e-10 
  367       2.860740890619e-10 
  368       2.835152348323e-10 
  369       2.810151286282e-10 
  370       2.785743255496e-10 
  371       2.761933094502e-10 
  372       2.738723071559e-10 
  373       2.716114667314e-10 
  374       2.694109176510e-10 
  375       2.672707706181e-10 
  376       2.651911173845e-10 
  377       2.631720305688e-10 
  378       2.612135634767e-10 
  379       2.593157499190e-10 
  380       2.574786040318e-10 
  381       2.557021200947e-10 
  382       2.539862723509e-10 
  383       2.523310148255e-10 
  384       2.507362811453e-10 
  385       2.492019843576e-10 
  386       2.477280167496e-10 
  387       2.463142496673e-10 
  388       2.449605333349e-10 
  389       2.436666966738e-10 
  390       2.424325471218e-10 
  391       2.412578704524e-10 
  392       2.401424305938e-10 
  393       2.390859694481e-10 
  394       2.380882067103e-10 
  395       2.371488396880e-10 
  396       2.362675431199e-10 
  397       2.354439689953e-10 
  398       2.346777463732e-10 
  399       2.339684812017e-10 
  400       2.333157561366e-10 
  401       2.327191303610e-10 
  402       2.321781394046e-10 
  403       2.316922949623e-10 
  404       2.312610847139e-10 
  405       2.308839721428e-10 
  406       2.305603963557e-10 
  407       2.302897719013e-10 
  408       2.300714885897e-10 
  409       2.299049113112e-10 
  410       2.297893798563e-10 
  411       2.297242525981e-10 
  412       2.297090396131e-10 
  413       2.297432739092e-10 
  414       2.298264678369e-10 
  415       2.299581129395e-10 
  416       2.301376798037e-10 
  417       2.303646179094e-10 
  418       2.306383554802e-10 
  419       2.309582993336e-10 
  420       2.313238347313e-10 
  421       2.317343252291e-10 
  422       2.321891125279e-10 
  423       2.326875163231e-10 
  424       2.332288341553e-10 
  425       2.338123412605e-10 
  426       2.344372904205e-10 
  427       2.351029118126e-10 
  428       2.358084128604e-10 
  429       2.365529780840e-10 
  430       2.373357689498e-10 
  431       2.381559237212e-10 
  432       2.390125573088e-10 
  433       2.399047611204e-10 
  434       2.408316029113e-10 
  435       2.417921266349e-10 
  436       2.427853522924e-10 
  437       2.438102757836e-10 
  438       2.448658687566e-10 
  439       2.459510784585e-10 
  440       2.470648275854e-10 
  441       2.482060141328e-10 
  442       2.493735112455e-10 
  443       2.505661670685e-10 
  444       2.517828045965e-10 
  445       2.530222215246e-10 
  446       2.542831900986e-10 
  447       2.555644569650e-10 
  448       2.568647430211e-10 
  449       2.581827432658e-10 
  450       2.595171266495e-10 
  451       2.608666637411e-10 
  452       2.622306145640e-10 
  453       2.636083529644e-10 
  454       2.649992398502e-10 
  455       2.664026231161e-10 
  456       2.678178375690e-10 
  457       2.692442048540e-10 
  458       2.706810333794e-10 
  459       2.721276182423e-10 
  460       2.735832411545e-10 
  461       2.750471703672e-10 
  462       2.765186605973e-10 
  463       2.779969529522e-10 
  464       2.794812748558e-10 
  465       2.809708399738e-10 
  466       2.824648481390e-10 
  467       2.839624852772e-10 
  468       2.854629233324e-10 
  469       2.869653201921e-10 
  470       2.884688196133e-10 
  471       2.899725511476e-10 
  472       2.914756300668e-10 
  473       2.929771572886e-10 
  474       2.944762193015e-10 
  475       2.959718880909e-10 
  476       2.974632210643e-10 
  477       2.989492609770e-10 
  478       3.004290358571e-10 
  479       3.019015589316e-10 
  480       3.033658285514e-10 
  481       3.048208281172e-10 
  482       3.062655260047e-10 
  483       3.076988754900e-10 
  484       3.091198146754e-10 
  485       3.105272664148e-10 
  486       3.119201382391e-10 
  487       3.132973222815e-10 
  488       3.146576952035e-10 
  489       3.160001181199e-10 
  490       3.173234365245e-10 
  491       3.186266261840e-10 
  492       3.199092357251e-10 
  493       3.211709570114e-10 
  494       3.224114803589e-10 
  495       3.236304945339e-10 
  496       3.248276867508e-10 
  497       3.260027426703e-10 
  498       3.271553463975e-10 
  499       3.282851804795e-10 
  500       3.293919259038e-10 
  501       3.304752620961e-10 
  502       3.315348669183e-10 
  503       3.325704166666e-10 
  504       3.335815860693e-10 
  505       3.345680482851e-10 
  506       3.355294749007e-10 
  507       3.364655359292e-10 
  508       3.373758998078e-10 
  509       3.382602333960e-10 
  510       3.391182019734e-10 
  511       3.399494692380e-10 
  512       3.407536973037e-10 
  513       3.415305466988e-10 
  514       3.422796763639e-10 
  515       3.430007436494e-10 
  516       3.436934043142e-10 
  517       3.443573125234e-10 
  518       3.449921208461e-10 
  519       3.455974802536e-10 
  520       3.461730401176e-10 
  521       3.467184482077e-10 
  522       3.472333506898e-10 
  523       3.477173921238e-10 
  524       3.481702154621e-10 
  525       3.485914620469e-10 
  526       3.489807716088e-10 
  527       3.493377822643e-10 
  528       3.496621305143e-10 
  529       3.499534512418e-10 
  530       3.502113777097e-10 
  531       3.504356334506e-10 
  532       3.506263107069e-10 
  533       3.507835996185e-10 
  534       3.509076970584e-10 
  535       3.509988066702e-10 
  536       3.510571389046e-10 
  537       3.510829110571e-10 
  538       3.510763473042e-10 
  539       3.510376787414e-10 
  540       3.509671434193e-10 
  541       3.508649863811e-10 
  542       3.507314596999e-10 
  543       3.505668225150e-10 
  544       3.503713410696e-10 
  545       3.501452887475e-10 
  546       3.498889461101e-10 
  547       3.496026009339e-10 
  548       3.492865482466e-10 
  549       3.489410903652e-10 
  550       3.485665369322e-10 
  551       3.481632049532e-10 
  552       3.477314188335e-10 
  553       3.472715104155e-10 
  554       3.467838190154e-10 
  555       3.462686914604e-10 
  556       3.457264821258e-10 
  557       3.451575529719e-10 
  558       3.445622735812e-10 
  559       3.439410211950e-10 
  560       3.432941807511e-10 
  561       3.426221449203e-10 
  562       3.419253141435e-10 
  563       3.412040966690e-10 
  564       3.404589085894e-10 
  565       3.396901738785e-10 
  566       3.388983244283e-10 
  567       3.380838000865e-10 
  568       3.372470486928e-10 
  569       3.363885261167e-10 
  570       3.355086962939e-10 
  571       3.346080326038e-10 
  572       3.336870219647e-10 
  573       3.327461609160e-10 
  574       3.317859543252e-10 
  575       3.308069154249e-10 
  576       3.298095658512e-10 
  577       3.287944356801e-10 
  578       3.277620634662e-10 
  579       3.267129962793e-10 
  580       3.256477897422e-10 
  581       3.245670080686e-10 
  582       3.234712241002e-10 
  583       3.223610193441e-10 
  584       3.212369840109e-10 
  585       3.200997170518e-10 
  586       3.189498261960e-10 
  587       3.177879279887e-10 
  588       3.166146478283e-10 
  589       3.154306200038e-10 
  590       3.142364877328e-10 
  591       3.130329031985e-10 
  592       3.118205275876e-10 
  593       3.106000311275e-10 
  594       3.093720931242e-10 
  595       3.081374019994e-10 
  596       3.068966553285e-10 
  597       3.056505598778e-10 
  598       3.043998316420e-10 
  599       3.031451958818e-10 
  600       3.018873871615e-10 
  601       3.006271493866e-10 
  602       2.993652358410e-10 
  603       2.981024092248e-10 
  604       2.968394416917e-10 
  605       2.955771148866e-10 
  606       2.943162199830e-10 
  607       2.930575577207e-10 
  608       2.918019384433e-10 
  609       2.905501821355e-10 
  610       2.893031184608e-10 
  611       2.880615149543e-10 
  612       2.868258596441e-10 
  613       2.855965733206e-10 
  614       2.843740809270e-10 
  615       2.831588115731e-10 
  616       2.819511985504e-10 
  617       2.807516793460e-10 
  618       2.795606956577e-10 
  619       2.783786934078e-10 
  620       2.772061227581e-10 
  621       2.760434381241e-10 
  622       2.748910981894e-10 
  623       2.737495659206e-10 
  624       2.726193085810e-10 
  625       2.715007977460e-10 
  626       2.703945093169e-10 
  627       2.693009235354e-10 
  628       2.682205249984e-10 
  629       2.671538026725e-10 
  630       2.661012499078e-10 
  631       2.650633644532e-10 
  632       2.640406484704e-10 
  633       2.630336085484e-10 
  634       2.620427557181e-10 
  635       2.610686054667e-10 
  636       2.601116777522e-10 
  637       2.591724970177e-10 
  638       2.582515922063e-10 
  639       2.573494967750e-10 
  640       2.564667487095e-10 
  641       2.556038905387e-10 
  642       2.547614693489e-10 
  643       2.539400367988e-10 
  644       2.531401491332e-10 
  645       2.523623671981e-10 
  646       2.516072564549e-10 
  647       2.508753869949e-10 
  648       2.501673335540e-10 
  649       2.494836755265e-10 
  650       2.488249969805e-10 
  651       2.481917970428e-10 
  652       2.475842188248e-10 
  653       2.470023144567e-10 
  654       2.464461341556e-10 
  655       2.459157262152e-10 
  656       2.454111369944e-10 
  657       2.449324109065e-10 
  658       2.444795904088e-10 
  659       2.440527159911e-10 
  660       2.436518261653e-10 
  661       2.432769574541e-10 
  662       2.429281443806e-10 
  663       2.426054194572e-10 
  664       2.423088131745e-10 
  665       2.420383539908e-10 
  666       2.417940683211e-10 
  667       2.415759805263e-10 
  668       2.413841129019e-10 
  669       2.412184856678e-10 
  670       2.410791169570e-10 
  671       2.409660228047e-10 
  672       2.408792171377e-10 
  673       2.408187117632e-10 
  674       2.407845163584e-10 
  675       2.407766384591e-10 
  676       2.407950834490e-10 
  677       2.408398545492e-10 
  678       2.409109528066e-10 
  679       2.410083770838e-10 
  680       2.411321240477e-10 
  681       2.412821881588e-10 
  682       2.414585616605e-10 
  683       2.416612345677e-10 
  684       2.418901946567e-10 
  685       2.421454274536e-10 
  686       2.424269162239e-10 
  687       2.427346419615e-10 
  688       2.430685833775e-10 
  689       2.434287168901e-10 
  690       2.438150166129e-10 
  691       2.442274051330e-10 
  692       2.446656047257e-10 
  693       2.451292829792e-10 
  694       2.456181016977e-10 
  695       2.461317168791e-10 
  696       2.466697786911e-10 
  697       2.472319314485e-10 
  698       2.478178135896e-10 
  699       2.484270576531e-10 
  700       2.490592902548e-10 
  701       2.497141320647e-10 
  702       2.503911977834e-10 
  703       2.510900961189e-10 
  704       2.518104297638e-10 
  705       2.525517953715e-10 
  706       2.533137835335e-10 
  707       2.540959787556e-10 
  708       2.548979594354e-10 
  709       2.557192978385e-10 
  710       2.565595600753e-10 
  711       2.574183060783e-10 
  712       2.582950895782e-10 
  713       2.591894580813e-10 
  714       2.601009528457e-10 
  715       2.610291088585e-10 
  716       2.619734548125e-10 
  717       2.629335130828e-10 
  718       2.639087997037e-10 
  719       2.648988243456e-10 
  720       2.659030902914e-10 
  721       2.669210944138e-10 
  722       2.679523271516e-10 
  723       2.689962724869e-10 
  724       2.700524079214e-10 
  725       2.711202044537e-10 
  726       2.721991265556e-10 
  727       2.732886321492e-10 
  728       2.743881725835e-10 
  729       2.754971926114e-10 
  730       2.766151303663e-10 
  731       2.777414346375e-10 
  732       2.788756171223e-10 
  733       2.800172011705e-10 
  734       2.811657045609e-10 
  735       2.823206394821e-10 
  736       2.834815125127e-10 
  737       2.846478246024e-10 
  738       2.858190710525e-10 
  739       2.869947414966e-10 
  740       2.881743198810e-10 
  741       2.893572844459e-10 
  742       2.905431077055e-10 
  743       2.917312564290e-10 
  744       2.929211916210e-10 
  745       2.941123685025e-10 
  746       2.953042364912e-10 
  747       2.964962391825e-10 
  748       2.976878143298e-10 
  749       2.988783938253e-10 
  750       3.000674036810e-10 
  751       3.012542640087e-10 
  752       3.024383890012e-10 
  753       3.036191869127e-10 
  754       3.047960600395e-10 
  755       3.059684047008e-10 
  756       3.071356112191e-10 
  757       3.082970639011e-10 
  758       3.094521410182e-10 
  759       3.106002147871e-10 
  760       3.117406513508e-10 
  761       3.128728107589e-10 
  762       3.139960469484e-10 
  763       3.151097077243e-10 
  764       3.162131347403e-10 
  765       3.173056634795e-10 
  766       3.183866232350e-10 
  767       3.194553370906e-10 
  768       3.205111219014e-10 
  769       3.215532882744e-10 
  770       3.225811405494e-10 
  771       3.235940442016e-10 
  772       3.245916294885e-10 
  773       3.255735916179e-10 
  774       3.265396236697e-10 
  775       3.274894165897e-10 
  776       3.284226591841e-10 
  777       3.293390381136e-10 
  778       3.302382378876e-10 
  779       3.311199408588e-10 
  780       3.319838272169e-10 
  781       3.328295749834e-10 
  782       3.336568600055e-10 
  783       3.344653559503e-10 
  784       3.352547342995e-10 
  785       3.360246643431e-10 
  786       3.367748131740e-10 
  787       3.375048456823e-10 
  788       3.382144245490e-10 
  789       3.389032102412e-10 
  790       3.395708610053e-10 
  791       3.402170328620e-10 
  792       3.408413796004e-10 
  793       3.414435527719e-10 
  794       3.420232016849e-10 
  795       3.425799733987e-10 
  796       3.431135127181e-10 
  797       3.436234621874e-10 
  798       3.441094620845e-10 
  799       3.445711504156e-10 
  800       3.450081629092e-10 
  801       3.454201330102e-10 
  802       3.458066918745e-10 
  803       3.461674683628e-10 
  804       3.465020890354e-10 
  805       3.468101781460e-10 
  806       3.470913576362e-10 
  807       3.473452471295e-10 
  808       3.475714639258e-10 
  809       3.477696229957e-10 
  810       3.479393369744e-10 
  811       3.480802888631e-10 
  812       3.481924515774e-10 
  813       3.482758723381e-10 
  814       3.483306003294e-10 
  815       3.483566867066e-10 
  816       3.483541846037e-10 
  817       3.483231491407e-10 
  818       3.482636374314e-10 
  819       3.481757085903e-10 
  820       3.480594237408e-10 
  821       3.479148460224e-10 
  822       3.477420405981e-10 
  823       3.475410746620e-10 
  824       3.473120174467e-10 
  825       3.470549402311e-10 
  826       3.467699163475e-10 
  827       3.464570211894e-10 
  828       3.461163322189e-10 
  829       3.457479289741e-10 
  830       3.453518930768e-10 
  831       3.449283082397e-10 
  832       3.444772602743e-10 
  833       3.439988370980e-10 
  834       3.434931287420e-10 
  835       3.429602273585e-10 
  836       3.424002272280e-10 
  837       3.418132247676e-10 
  838       3.411993185375e-10 
  839       3.405586092493e-10 
  840       3.398911997731e-10 
  841       3.391971951450e-10 
  842       3.384767025747e-10 
  843       3.377298314531e-10 
  844       3.369566933596e-10 
  845       3.361574020695e-10 
  846       3.353320735621e-10 
  847       3.344808260273e-10 
  848       3.336037798739e-10 
  849       3.327010577366e-10 
  850       3.317727844839e-10 
  851       3.308191225106e-10 
  852       3.298403782655e-10 
  853       3.288368975662e-10 
  854       3.278090304921e-10 
  855       3.267571313979e-10 
  856       3.256815589272e-10 
  857       3.245826760255e-10 
  858       3.234608499535e-10 
  859       3.223164523008e-10 
  860       3.211498589990e-10 
  861       3.199614503350e-10 
  862       3.187516109645e-10 
  863       3.175207299252e-10 
  864       3.162692006502e-10 
  865       3.149974209812e-10 
  866       3.137057931823e-10 
  867       3.123947239528e-10 
  868       3.110646244406e-10 
  869       3.097159102559e-10 
  870       3.083490014843e-10 
  871       3.069643227002e-10 
  872       3.055623029799e-10 
  873       3.041433759154e-10 
  874       3.027079796273e-10 
  875       3.012565567785e-10 
  876       2.997895545871e-10 
  877       2.983074248403e-10 
  878       2.968106239073e-10 
  879       2.952996127527e-10 
  880       2.937748569500e-10 
  881       2.922368266950e-10 
  882       2.906859968187e-10 
  883       2.891228468011e-10 
  884       2.875478607845e-10 
  885       2.859615275864e-10 
  886       2.843643407136e-10 
  887       2.827567983746e-10 
  888       2.811394034938e-10 
  889       2.795126637243e-10 
  890       2.778770914615e-10 
  891       2.762331853698e-10 
  892       2.745813746048e-10 
  893       2.729220737036e-10 
  894       2.712557009991e-10 
  895       2.695826786306e-10 
  896       2.679034325540e-10 
  897       2.662183925530e-10 
  898       2.645279922488e-10 
  899       2.628326691114e-10 
  900       2.611328644699e-10 
  901       2.594290235226e-10 
  902       2.577215953484e-10 
  903       2.560110329167e-10 
  904       2.542977930980e-10 
  905       2.525823366748e-10 
  906       2.508651283519e-10 
  907       2.491466367668e-10 
  908       2.474273345007e-10 
  909       2.457076980886e-10 
  910       2.439882080301e-10 
  911       2.422693487999e-10 
  912       2.405516088582e-10 
  913       2.388354806614e-10 
  914       2.371214606727e-10 
  915       2.354100493726e-10 
  916       2.337017512694e-10 
  917       2.319970749095e-10 
  918       2.302965328887e-10 
  919       2.286006418617e-10 
  920       2.269099225537e-10 
  921       2.252248997702e-10 
  922       2.235461024079e-10 
  923       2.218740634650e-10 
  924       2.202093200521e-10 
  925       2.185524134023e-10 
  926       2.169038888824e-10 
  927       2.152642960026e-10 
  928       2.136341884278e-10 
  929       2.120141239876e-10 
  930       2.104046646874e-10 
  931       2.088063214904e-10 
  932       2.072193876961e-10 
  933       2.056441029694e-10 
  934       2.040807083349e-10 
  935       2.025294461798e-10 
  936       2.009905602565e-10 
  937       1.994642956858e-10 
  938       1.979508989598e-10 
  939       1.964506179445e-10 
  940       1.949637018833e-10 
  941       1.934904013991e-10 
  942       1.920309684981e-10 
  943       1.905856565720e-10 
  944       1.891547204011e-10 
  945       1.877384161577e-10 
  946       1.863370014082e-10 
  947       1.849507351165e-10 
  948       1.835798776470e-10 
  949       1.822246907671e-10 
  950       1.808854376504e-10 
  951       1.795623828798e-10 
  952       1.782557924498e-10 
  953       1.769659337699e-10 
  954       1.756930756675e-10 
  955       1.744374883906e-10 
  956       1.731994436108e-10 
  957       1.719792144261e-10 
  958       1.707770753642e-10 
  959       1.695933023849e-10 
  960       1.684281728833e-10 
  961       1.672819656927e-10 
  962       1.661549610874e-10 
  963       1.650474407858e-10 
  964       1.639596879530e-10 
  965       1.628919872039e-10 
  966       1.618446246064e-10 
  967       1.608178876836e-10 
  968       1.598120654175e-10 
  969       1.588274482512e-10 
  970       1.578643280924e-10 
  971       1.569229419439e-10 
  972       1.560033018614e-10 
  973       1.551053624440e-10 
  974       1.542290769702e-10 
  975       1.533743973933e-10 
  976       1.525412743375e-10 
  977       1.517296570935e-10 
  978       1.509394936142e-10 
  979       1.501707305105e-10 
  980       1.494233130470e-10 
  981       1.486971851380e-10 
  982       1.479922893427e-10 
  983       1.473085668615e-10 
  984       1.466459575313e-10 
  985       1.460043998216e-10 
  986       1.453838308302e-10 
  987       1.447841862785e-10 
  988       1.442054005080e-10 
  989       1.436474064751e-10 
  990       1.431101357479e-10 
  991       1.425935185010e-10 
  992       1.420974835118e-10 
  993       1.416219581562e-10 
  994       1.411668684042e-10 
  995       1.407321388154e-10 
  996       1.403176925353e-10 
  997       1.399234512907e-10 
  998       1.395493353856e-10 
  999       1.391952636966e-10 
 1000       1.388611536690e-10 
 1001       1.385469213126e-10 
 1002       1.382524811972e-10 
 1003       1.379777464481e-10 
 1004       1.377226287426e-10 
 1005       1.374870383052e-10 
 1006       1.372708839032e-10 
 1007       1.370740728429e-10 
 1008       1.368965109652e-10 
 1009       1.367381026411e-10 
 1010       1.365987507677e-10 
 1011       1.364783308126e-10 
 1012       1.363766125452e-10 
 1013       1.362933371660e-10 
 1014       1.362282431481e-10 
 1015       1.361810662301e-10 
 1016       1.361515394083e-10 
 1017       1.361393929302e-10 
 1018       1.361443542862e-10 
 1019       1.361661482032e-10 
 1020       1.362044966367e-10 
 1021       1.362591187638e-10 
 1022       1.363297309757e-10 
 1023       1.364160468708e-10 
 1024       1.365177772467e-10 
 1025       1.366346300938e-10 
 1026       1.367663105870e-10 
 1027       1.369125210792e-10 
 1028       1.370729610938e-10 
 1029       1.372473273170e-10 
 1030       1.374353135910e-10 
 1031       1.376366109066e-10 
 1032       1.378509073955e-10 
 1033       1.380778883236e-10 
 1034       1.383172360833e-10 
 1035       1.385686301862e-10 
 1036       1.388317472560e-10 
 1037       1.391062610212e-10 
 1038       1.393918423074e-10 
 1039       1.396881590307e-10 
 1040       1.399948761896e-10 
 1041       1.403116558584e-10 
 1042       1.406381571794e-10 
 1043       1.409740363558e-10 
 1044       1.413189466446e-10 
 1045       1.416725383489e-10 
 1046       1.420344588108e-10 
 1047       1.424043524042e-10 
 1048       1.427818605272e-10 
 1049       1.431666215952e-10 
 1050       1.435582710333e-10 
 1051       1.439564556348e-10 
 1052       1.443608768705e-10 
 1053       1.447712481667e-10 
 1054       1.451872805888e-10 
 1055       1.456086828353e-10 
 1056       1.460351612320e-10 
 1057       1.464664197264e-10 
 1058       1.469021598818e-10 
 1059       1.473420808718e-10 
 1060       1.477858794743e-10 
 1061       1.482332500659e-10 
 1062       1.486838846163e-10 
 1063       1.491374726821e-10 
 1064       1.495937014014e-10 
 1065       1.500522554883e-10 
 1066       1.505128172266e-10 
 1067       1.509750664643e-10 
 1068       1.514386806079e-10 
 1069       1.519033346169e-10 
 1070       1.523687009974e-10 
 1071       1.528344497971e-10 
 1072       1.533002485989e-10 
 1073       1.537657625158e-10 
 1074       1.542306541845e-10 
 1075       1.546945837602e-10 
 1076       1.551572089107e-10 
 1077       1.556181848103e-10 
 1078       1.560771641348e-10 
 1079       1.565337970548e-10 
 1080       1.569877312310e-10 
 1081       1.574386118076e-10 
 1082       1.578860814070e-10 
 1083       1.583297801240e-10 
 1084       1.587693455198e-10 
 1085       1.592044126168e-10 
 1086       1.596346138923e-10 
 1087       1.600595792730e-10 
 1088       1.604789361293e-10 
 1089       1.608923092695e-10 
 1090       1.612993209341e-10 
 1091       1.616996310391e-10 
 1092       1.620930585083e-10 
 1093       1.624794615549e-10 
 1094       1.628586975774e-10 
 1095       1.632306231586e-10 
 1096       1.635950940635e-10 
 1097       1.639519652378e-10 
 1098       1.643010908061e-10 
 1099       1.646423240701e-10 
 1100       1.649755175074e-10 
 1101       1.653005227691e-10 
 1102       1.656171906787e-10 
 1103       1.659253712302e-10 
 1104       1.662249135863e-10 
 1105       1.665156660769e-10 
 1106       1.667974761974e-10 
 1107       1.670701906067e-10 
 1108       1.673336551260e-10 
 1109       1.675877147368e-10 
 1110       1.678322135793e-10 
 1111       1.680669949506e-10 
 1112       1.682919013033e-10 
 1113       1.685067742434e-10 
 1114       1.687114545290e-10 
 1115       1.689057820683e-10 
 1116       1.690895959182e-10 
 1117       1.692627342824e-10 
 1118       1.694250345097e-10 
 1119       1.695763330926e-10 
 1120       1.697164656653e-10 
 1121       1.698452670020e-10 
 1122       1.699625710155e-10 
 1123       1.700682107552e-10 
 1124       1.701620184058e-10 
 1125       1.702438252851e-10 
 1126       1.703134618427e-10 
 1127       1.703707576581e-10 
 1128       1.704155414393e-10 
 1129       1.704476410208e-10 
 1130       1.704668833620e-10 
 1131       1.704731338261e-10 
 1132       1.704664145758e-10 
 1133       1.704467877041e-10 
 1134       1.704143160943e-10 
 1135       1.703690634221e-10 
 1136       1.703110941579e-10 
 1137       1.702404735680e-10 
 1138       1.701572677174e-10 
 1139       1.700615434716e-10 
 1140       1.699533684981e-10 
 1141       1.698328112691e-10 
 1142       1.696999410629e-10 
 1143       1.695548279665e-10 
 1144       1.693975428768e-10 
 1145       1.692281575035e-10 
 1146       1.690467443704e-10 
 1147       1.688533768176e-10 
 1148       1.686481290036e-10 
 1149       1.684310759073e-10 
 1150       1.682022933297e-10 
 1151       1.679618578964e-10 
 1152       1.677098470591e-10 
 1153       1.674463390978e-10 
 1154       1.671714131229e-10 
 1155       1.668851490769e-10 
 1156       1.665876277370e-10 
 1157       1.662789307161e-10 
 1158       1.659591404657e-10 
 1159       1.656283402776e-10 
 1160       1.652866142858e-10 
 1161       1.649340474684e-10 
 1162       1.645707256499e-10 
 1163       1.641967355031e-10 
 1164       1.638121645508e-10 
 1165       1.634171011682e-10 
 1166       1.630116345848e-10 
 1167       1.625958548860e-10 
 1168       1.621698530158e-10 
 1169       1.617337207781e-10 
 1170       1.612875508391e-10 
 1171       1.608314531054e-10 
 1172       1.603656040783e-10 
 1173       1.598901981195e-10 
 1174       1.594054311340e-10 
 1175       1.589115005738e-10 
 1176       1.584086054412e-10 
 1177       1.578969462922e-10 
 1178       1.573767252399e-10 
 1179       1.568481459579e-10 
 1180       1.563114136842e-10 
 1181       1.557667352237e-10 
 1182       1.552143189524e-10 
 1183       1.546543748208e-10 
 1184       1.540871143567e-10 
 1185       1.535127506692e-10 
 1186       1.529314984521e-10 
 1187       1.523435739870e-10 
 1188       1.517491951470e-10 
 1189       1.511485814000e-10 
 1190       1.505419538121e-10 
 1191       1.499295350512e-10 
 1192       1.493115493903e-10 
 1193       1.486882227109e-10 
 1194       1.480597825064e-10 
 1195       1.474264578858e-10 
 1196       1.467884795766e-10 
 1197       1.461460799289e-10 
 1198       1.454994929182e-10 
 1199       1.448489541492e-10 
 1200       1.441947008590e-10 
 1201       1.435369719210e-10 
 1202       1.428760078475e-10 
 1203       1.422120507939e-10 
 1204       1.415453445617e-10 
 1205       1.408761346022e-10 
 1206       1.402046680196e-10 
 1207       1.395311935747e-10 
 1208       1.388559616883e-10 
 1209       1.381792244442e-10 
 1210       1.375012355934e-10 
 1211       1.368222387603e-10 
 1212       1.361424319000e-10 
 1213       1.354620024190e-10 
 1214       1.347811389355e-10 
 1215       1.341000312815e-10 
 1216       1.334188705057e-10 
 1217       1.327378488754e-10 
 1218       1.320571598796e-10 
 1219       1.313769982311e-10 
 1220       1.306975598688e-10 
 1221       1.300190419607e-10 
 1222       1.293416429059e-10 
 1223       1.286655623371e-10 
 1224       1.279910011233e-10 
 1225       1.273181613720e-10 
 1226       1.266472464320e-10 
 1227       1.259784608955e-10 
 1228       1.253120106006e-10 
 1229       1.246481026342e-10 
 1230       1.239869453337e-10 
 1231       1.233287482903e-10 
 1232       1.226737223509e-10 
 1233       1.220220796205e-10 
 1234       1.213740334653e-10 
 1235       1.207297985144e-10 
 1236       1.200895906627e-10 
 1237       1.194536270734e-10 
 1238       1.188221261801e-10 
 1239       1.181953076896e-10 
 1240       1.175733925842e-10 
 1241       1.169566031244e-10 
 1242       1.163451628509e-10 
 1243       1.157392965874e-10 
 1244       1.151392304431e-10 
 1245       1.145451918150e-10 
 1246       1.139574093905e-10 
 1247       1.133761131495e-10 
 1248       1.128015343674e-10 
 1249       1.122339056172e-10 
 1250       1.116734607722e-10 
 1251       1.111204066952e-10 
 1252       1.105748379410e-10 
 1253       1.100368210620e-10 
 1254       1.095064228313e-10 
 1255       1.089837102432e-10 
 1256       1.084687505129e-10 
 1257       1.079616110772e-10 
 1258       1.074623595946e-10 
 1259       1.069710639459e-10 
 1260       1.064877922341e-10 
 1261       1.060126127850e-10 
 1262       1.055455941472e-10 
 1263       1.050868050927e-10 
 1264       1.046363146170e-10 
 1265       1.041941919394e-10 
 1266       1.037605065033e-10 
 1267       1.033353279768e-10 
 1268       1.029187262524e-10 
 1269       1.025107714477e-10 
 1270       1.021115339056e-10 
 1271       1.017210841947e-10 
 1272       1.013394931093e-10 
 1273       1.009668316700e-10 
 1274       1.006031711239e-10 
 1275       1.002485829448e-10 
 1276       9.990313883359e-11 
 1277       9.956691071838e-11 
 1278       9.923997075507e-11 
 1279       9.892239132745e-11 
 1280       9.861424504750e-11 
 1281       9.831560475576e-11 
 1282       9.802654352153e-11 
 1283       9.774713464325e-11 
 1284       9.747745164874e-11 
 1285       9.721756829548e-11 
 1286       9.696755857097e-11 
 1287       9.672749669293e-11 
 1288       9.649745710968e-11 
 1289       9.627751450037e-11 
 1290       9.606774377531e-11 
 1291       9.586819463271e-11 
 1292       9.567881491309e-11 
 1293       9.549952637745e-11 
 1294       9.533025007058e-11 
 1295       9.517090631945e-11 
 1296       9.502141473171e-11 
 1297       9.488169419414e-11 
 1298       9.475166287112e-11 
 1299       9.463123820308e-11 
 1300       9.452033690499e-11 
 1301       9.441887496477e-11 
 1302       9.432676764181e-11 
 1303       9.424392946538e-11 
 1304       9.417027423313e-11 
 1305       9.410571500953e-11 
 1306       9.405016412434e-11 
 1307       9.400353317108e-11 
 1308       9.396573300547e-11 
 1309       9.393667374391e-11 
 1310       9.391626476193e-11 
 1311       9.390441469268e-11 
 1312       9.390103142532e-11 
 1313       9.390602210359e-11 
 1314       9.391929312416e-11 
 1315       9.394075013519e-11 
 1316       9.397029803470e-11 
 1317       9.400784096912e-11 
 1318       9.405328233168e-11 
 1319       9.410652476092e-11 
 1320       9.416747013911e-11 
 1321       9.423601959076e-11 
 1322       9.431207348104e-11 
 1323       9.439553141425e-11 
 1324       9.448629223232e-11 
 1325       9.458425401321e-11 
 1326       9.468931406941e-11 
 1327       9.480136894641e-11 
 1328       9.492031442112e-11 
 1329       9.504604550039e-11 
 1330       9.517845641940e-11 
 1331       9.531743249243e-11 
 1332       9.546282556995e-11 
 1333       9.561447830885e-11 
 1334       9.577223229361e-11 
 1335       9.593592803422e-11 
 1336       9.610540496412e-11 
 1337       9.628050143810e-11 
 1338       9.646105473016e-11 
 1339       9.664690103150e-11 
 1340       9.683787544838e-11 
 1341       9.703381200002e-11 
 1342       9.723454361657e-11 
 1343       9.743990213695e-11 
 1344       9.764971830681e-11 
 1345       9.786382177641e-11 
 1346       9.808204109855e-11 
 1347       9.830420372647e-11 
 1348       9.853013601176e-11 
 1349       9.875966320228e-11 
 1350       9.899260944006e-11 
 1351       9.922879775920e-11 
 1352       9.946805008383e-11 
 1353       9.971018722594e-11 
 1354       9.995502888336e-11 
 1355       1.002023936376e-10 
 1356       1.004520989520e-10 
 1357       1.007039611690e-10 
 1358       1.009577955091e-10 
 1359       1.012134160676e-10 
 1360       1.014706358134e-10 
 1361       1.017292665866e-10 
 1362       1.019891190962e-10 
 1363       1.022500029183e-10 
 1364       1.025117264940e-10 
 1365       1.027740971271e-10 
 1366       1.030369209822e-10 
 1367       1.033000030825e-10 
 1368       1.035631473078e-10 
 1369       1.038261563925e-10 
 1370       1.040888319230e-10 
 1371       1.043509857073e-10 
 1372       1.046124740180e-10 
 1373       1.048731637102e-10 
 1374       1.051329208818e-10 
 1375       1.053916108729e-10 
 1376       1.056490982636e-10 
 1377       1.059052468734e-10 
 1378       1.061599197592e-10 
 1379       1.064129792144e-10 
 1380       1.066642867674e-10 
 1381       1.069137031800e-10 
 1382       1.071610884463e-10 
 1383       1.074063017913e-10 
 1384       1.076492016696e-10 
 1385       1.078896457637e-10 
 1386       1.081274909830e-10 
 1387       1.083625934622e-10 
 1388       1.085948085604e-10 
 1389       1.088239908588e-10 
 1390       1.090499941605e-10 
 1391       1.092726714880e-10 
 1392       1.094918750829e-10 
 1393       1.097074564035e-10 
 1394       1.099192661244e-10 
 1395       1.101271541345e-10 
 1396       1.103309695358e-10 
 1397       1.105305606421e-10 
 1398       1.107257749776e-10 
 1399       1.109164592756e-10 
 1400       1.111024594768e-10 
 1401       1.112836207285e-10 
 1402       1.114597873829e-10 
 1403       1.116308029956e-10 
 1404       1.117965103246e-10 
 1405       1.119567513287e-10 
 1406       1.121113671660e-10 
 1407       1.122601981930e-10 
 1408       1.124030839627e-10 
 1409       1.125398632237e-10 
 1410       1.126703739185e-10 
 1411       1.127944747403e-10 
 1412       1.129121100498e-10 
 1413       1.130232456288e-10 
 1414       1.131278471824e-10 
 1415       1.132258803398e-10 
 1416       1.133173106535e-10 
 1417       1.134021035997e-10 
 1418       1.134802245782e-10 
 1419       1.135516389120e-10 
 1420       1.136163118476e-10 
 1421       1.136742085548e-10 
 1422       1.137252941265e-10 
 1423       1.137695335788e-10 
 1424       1.138068918511e-10 
 1425       1.138373338055e-10 
 1426       1.138608242272e-10 
 1427       1.138773278245e-10 
 1428       1.138868092282e-10 
 1429       1.138892329920e-10 
 1430       1.138845635924e-10 
 1431       1.138727654284e-10 
 1432       1.138538028216e-10 
 1433       1.138276400161e-10 
 1434       1.137942411784e-10 
 1435       1.137535703974e-10 
 1436       1.137055916844e-10 
 1437       1.136502689728e-10 
 1438       1.135875661183e-10 
 1439       1.135174468984e-10 
 1440       1.134398750131e-10 
 1441       1.133548140840e-10 
 1442       1.132622276548e-10 
 1443       1.131620791909e-10 
 1444       1.130543320796e-10 
 1445       1.129389496299e-10 
 1446       1.128158950724e-10 
 1447       1.126851315592e-10 
 1448       1.125466221641e-10 
 1449       1.124003298822e-10 
 1450       1.122462176300e-10 
 1451       1.120842660745e-10 
 1452       1.119145273174e-10 
 1453       1.117370717519e-10 
 1454       1.115519702834e-10 
 1455       1.113592943307e-10 
 1456       1.111591158269e-10 
 1457       1.109515072200e-10 
 1458       1.107365414744e-10 
 1459       1.105142920717e-10 
 1460       1.102848330111e-10 
 1461       1.100482388111e-10 
 1462       1.098045845102e-10 
 1463       1.095539456676e-10 
 1464       1.092963983644e-10 
 1465       1.090320192044e-10 
 1466       1.087608853152e-10 
 1467       1.084830743492e-10 
 1468       1.081986644843e-10 
 1469       1.079077344250e-10 
 1470       1.076103634033e-10 
 1471       1.073066311798e-10 
 1472       1.069966180444e-10 
 1473       1.066804048174e-10 
 1474       1.063580728505e-10 
 1475       1.060297040276e-10 
 1476       1.056953807659e-10 
 1477       1.053551860168e-10 
 1478       1.050092032667e-10 
 1479       1.046575165382e-10 
 1480       1.043002103909e-10 
 1481       1.039373699222e-10 
 1482       1.035690807688e-10 
 1483       1.031954291070e-10 
 1484       1.028165016539e-10 
 1485       1.024323856685e-10 
 1486       1.020431689525e-10 
 1487       1.016489398513e-10 
 1488       1.012497872548e-10 
 1489       1.008458005986e-10 
 1490       1.004370698649e-10 
 1491       1.000236903087e-10 
 1492       9.960577668699e-11 
 1493       9.918344917139e-11 
 1494       9.875682863619e-11 
 1495       9.832603665977e-11 
 1496       9.789119552569e-11 
 1497       9.745242822396e-11 
 1498       9.700985845224e-11 
 1499       9.656361061697e-11 
 1500       9.611380983468e-11 
 1501       9.566058193312e-11 
 1502       9.520405345249e-11 
 1503       9.474435164664e-11 
 1504       9.428160448428e-11 
 1505       9.381594065018e-11 
 1506       9.334748954638e-11 
 1507       9.287638129338e-11 
 1508       9.240274673137e-11 
 1509       9.192671742141e-11 
 1510       9.144842564663e-11 
 1511       9.096800441348e-11 
 1512       9.048558745287e-11 
 1513       9.000130922143e-11 
 1514       8.951530490268e-11 
 1515       8.902771040825e-11 
 1516       8.853866237909e-11 
 1517       8.804829818663e-11 
 1518       8.755675593407e-11 
 1519       8.706417445749e-11 
 1520       8.657069332712e-11 
 1521       8.607645284853e-11 
 1522       8.558159406380e-11 
 1523       8.508625875279e-11 
 1524       8.459058943427e-11 
 1525       8.409472936718e-11 
 1526       8.359882255181e-11 
 1527       8.310301373101e-11 
 1528       8.260744839141e-11 
 1529       8.211227276458e-11 
 1530       8.161763382828e-11 
 1531       8.112367040577e-11 
 1532       8.063048636838e-11 
 1533       8.013817717930e-11 
 1534       7.964683877299e-11 
 1535       7.915656755591e-11 
 1536       7.866746040728e-11 
 1537       7.817961467985e-11 
 1538       7.769312820060e-11 
 1539       7.720809927154e-11 
 1540       7.672462667042e-11 
 1541       7.624280965150e-11 
 1542       7.576274794630e-11 
 1543       7.528454176434e-11 
 1544       7.480829179387e-11 
 1545       7.433409920269e-11 
 1546       7.386206563880e-11 
 1547       7.339229323122e-11 
 1548       7.292488459074e-11 
 1549       7.245994281060e-11 
 1550       7.199757146733e-11 
 1551       7.153787462144e-11 
 1552       7.108095681817e-11 
 1553       7.062692308827e-11 
 1554       7.017587894874e-11 
 1555       6.972793040354e-11 
 1556       6.928318394441e-11 
 1557       6.884174655155e-11 
 1558       6.840372569442e-11 
 1559       6.796922933245e-11 
 1560       6.753836591582e-11 
 1561       6.711124438618e-11 
 1562       6.668797417744e-11 
 1563       6.626866521647e-11 
 1564       6.585342792388e-11 
 1565       6.544237321478e-11 
 1566       6.503561249948e-11 
 1567       6.463325768430e-11 
 1568       6.423542117227e-11 
 1569       6.384221586390e-11 
 1570       6.345375515794e-11 
 1571       6.307013757127e-11 
 1572       6.269140044056e-11 
 1573       6.231756579099e-11 
 1574       6.194865567797e-11 
 1575       6.158469218717e-11 
 1576       6.122569743448e-11 
 1577       6.087169356604e-11 
 1578       6.052270275822e-11 
 1579       6.017874721765e-11 
 1580       5.983984918118e-11 
 1581       5.950603091593e-11 
 1582       5.917731471926e-11 
 1583       5.885372291878e-11 
 1584       5.853527787235e-11 
 1585       5.822200196808e-11 
 1586       5.791391762434e-11 
 1587       5.761104728977e-11 
 1588       5.731341344323e-11 
 1589       5.702103859389e-11 
 1590       5.673394528113e-11 
 1591       5.645215607465e-11 
 1592       5.617569357436e-11 
 1593       5.590458041047e-11 
 1594       5.563883924345e-11 
 1595       5.537849276404e-11 
 1596       5.512356369326e-11 
 1597       5.487407478238e-11 
 1598       5.463004881297e-11 
 1599       5.439150859686e-11 
 1600       5.415847697618e-11 
 1601       5.393097682332e-11 
 1602       5.370903104096e-11 
 1603       5.349266256206e-11 
 1604       5.328189434986e-11 
 1605       5.307674939791e-11 
 1606       5.287725073002e-11 
 1607       5.268342140032e-11 
 1608       5.249528449319e-11 
 1609       5.231286312336e-11 
 1610       5.213618043580e-11 
 1611       5.196524745565e-11 
 1612       5.180002651703e-11 
 1613       5.164046750210e-11 
 1614       5.148651996052e-11 
 1615       5.133813310888e-11 
 1616       5.119525583016e-11 
 1617       5.105783667316e-11 
 1618       5.092582385195e-11 
 1619       5.079916524529e-11 
 1620       5.067780839608e-11 
 1621       5.056170051081e-11 
 1622       5.045078845898e-11 
 1623       5.034501877258e-11 
 1624       5.024433764546e-11 
 1625       5.014869093286e-11 
 1626       5.005802415076e-11 
 1627       4.997228247540e-11 
 1628       4.989141074266e-11 
 1629       4.981535344753e-11 
 1630       4.974405474354e-11 
 1631       4.967745844222e-11 
 1632       4.961550801251e-11 
 1633       4.955814658022e-11 
 1634       4.950531692747e-11 
 1635       4.945696149211e-11 
 1636       4.941302236719e-11 
 1637       4.937344130038e-11 
 1638       4.933815969342e-11 
 1639       4.930711860155e-11 
 1640       4.928025873297e-11 
 1641       4.925752044825e-11 
 1642       4.923884375979e-11 
 1643       4.922416833127e-11 
 1644       4.921343347707e-11 
 1645       4.920657816172e-11 
 1646       4.920354099932e-11 
 1647       4.920426025303e-11 
 1648       4.920867383446e-11 
 1649       4.921671930313e-11 
 1650       4.922833386590e-11 
 1651       4.924345154601e-11 
 1652       4.926199466371e-11 
 1653       4.928388227899e-11 
 1654       4.930903301449e-11 
 1655       4.933736505484e-11 
 1656       4.936879614590e-11 
 1657       4.940324359415e-11 
 1658       4.944062426597e-11 
 1659       4.948085458698e-11 
 1660       4.952385054132e-11 
 1661       4.956952767098e-11 
 1662       4.961780107515e-11 
 1663       4.966858540949e-11 
 1664       4.972179488546e-11 
 1665       4.977734326964e-11 
 1666       4.983514388305e-11 
 1667       4.989510960045e-11 
 1668       4.995715284967e-11 
 1669       5.002118561093e-11 
 1670       5.008711941615e-11 
 1671       5.015486534823e-11 
 1672       5.022433404043e-11 
 1673       5.029543567565e-11 
 1674       5.036807998574e-11 
 1675       5.044217625084e-11 
 1676       5.051763329865e-11 
 1677       5.059435950382e-11 
 1678       5.067226278719e-11 
 1679       5.075125061516e-11 
 1680       5.083122999896e-11 
 1681       5.091210749402e-11 
 1682       5.099378919923e-11 
 1683       5.107618075629e-11 
 1684       5.115918734901e-11 
 1685       5.124271370266e-11 
 1686       5.132666408323e-11 
 1687       5.141094229678e-11 
 1688       5.149545168876e-11 
 1689       5.158009514330e-11 
 1690       5.166477508255e-11 
 1691       5.174939983994e-11 
 1692       5.183390284157e-11 
 1693       5.191822358944e-11 
 1694       5.200230130212e-11 
 1695       5.208607491433e-11 
 1696       5.216948307654e-11 
 1697       5.225246415454e-11 
 1698       5.233495622902e-11 
 1699       5.241689709520e-11 
 1700       5.249822426232e-11 
 1701       5.257887495332e-11 
 1702       5.265878610436e-11 
 1703       5.273789436443e-11 
 1704       5.281613609492e-11 
 1705       5.289344736923e-11 
 1706       5.296976397231e-11 
 1707       5.304502140028e-11 
 1708       5.311915485998e-11 
 1709       5.319209926860e-11 
 1710       5.326378925321e-11 
 1711       5.333415915039e-11 
 1712       5.340314300577e-11 
 1713       5.347067457364e-11 
 1714       5.353668731654e-11 
 1715       5.360111440481e-11 
 1716       5.366388871622e-11 
 1717       5.372494283550e-11 
 1718       5.378420905396e-11 
 1719       5.384161936907e-11 
 1720       5.389710548402e-11 
 1721       5.395059880733e-11 
 1722       5.400203045241e-11 
 1723       5.405133123717e-11 
 1724       5.409843168358e-11 
 1725       5.414326201726e-11 
 1726       5.418575216706e-11 
 1727       5.422583176466e-11 
 1728       5.426343014413e-11 
 1729       5.429847634151e-11 
 1730       5.433089909443e-11 
 1731       5.436063715798e-11 
 1732       5.438767034864e-11 
 1733       5.441198876193e-11 
 1734       5.443358247993e-11 
 1735       5.445244157124e-11 
 1736       5.446855609101e-11 
 1737       5.448191608093e-11 
 1738       5.449251156919e-11 
 1739       5.450033257054e-11 
 1740       5.450536908622e-11 
 1741       5.450761110400e-11 
 1742       5.450704859815e-11 
 1743       5.450367152947e-11 
 1744       5.449746984524e-11 
 1745       5.448843347926e-11 
 1746       5.447655235180e-11 
 1747       5.446181636964e-11 
 1748       5.444421542605e-11 
 1749       5.442373940077e-11 
 1750       5.440037816004e-11 
 1751       5.437412155654e-11 
 1752       5.434495942947e-11 
 1753       5.431288160445e-11 
 1754       5.427787789359e-11 
 1755       5.423993809545e-11 
 1756       5.419905199506e-11 
 1757       5.415520936387e-11 
 1758       5.410839995982e-11 
 1759       5.405861352724e-11 
 1760       5.400583979696e-11 
 1761       5.395006848619e-11 
 1762       5.389128929860e-11 
 1763       5.382949192428e-11 
 1764       5.376466603975e-11 
 1765       5.369680130794e-11 
 1766       5.362588737819e-11 
 1767       5.355191388627e-11 
 1768       5.347487045434e-11 
 1769       5.339474669096e-11 
 1770       5.331153219111e-11 
 1771       5.322522429345e-11 
 1772       5.313585142237e-11 
 1773       5.304344993883e-11 
 1774       5.294805640082e-11 
 1775       5.284970756368e-11 
 1776       5.274844038038e-11 
 1777       5.264429200181e-11 
 1778       5.253729977708e-11 
 1779       5.242750125382e-11 
 1780       5.231493417843e-11 
 1781       5.219963649644e-11 
 1782       5.208164635276e-11 
 1783       5.196100209196e-11 
 1784       5.183774225861e-11 
 1785       5.171190559752e-11 
 1786       5.158353105407e-11 
 1787       5.145265777450e-11 
 1788       5.131932510618e-11 
 1789       5.118357259790e-11 
 1790       5.104544000022e-11 
 1791       5.090496726568e-11 
 1792       5.076219454916e-11 
 1793       5.061716220814e-11 
 1794       5.046991080297e-11 
 1795       5.032048109724e-11 
 1796       5.016891405798e-11 
 1797       5.001525085603e-11 
 1798       4.985953286628e-11 
 1799       4.970180166798e-11 
 1800       4.954209904504e-11 
 1801       4.938046698632e-11 
 1802       4.921694768590e-11 
 1803       4.905158354342e-11 
 1804       4.888441716433e-11 
 1805       4.871549136019e-11 
 1806       4.854484914898e-11 
 1807       4.837253375538e-11 
 1808       4.819858861106e-11 
 1809       4.802305735498e-11 
 1810       4.784598383368e-11 
 1811       4.766741344979e-11 
 1812       4.748739721891e-11 
 1813       4.730598774608e-11 
 1814       4.712323788089e-11 
 1815       4.693920071784e-11 
 1816       4.675392959665e-11 
 1817       4.656747810265e-11 
 1818       4.637990006705e-11 
 1819       4.619124956735e-11 
 1820       4.600158092765e-11 
 1821       4.581094871899e-11 
 1822       4.561940775971e-11 
 1823       4.542701311576e-11 
 1824       4.523382010109e-11 
 1825       4.503988427793e-11 
 1826       4.484526145720e-11 
 1827       4.465000769880e-11 
 1828       4.445417931197e-11 
 1829       4.425783285563e-11 
 1830       4.406102513874e-11 
 1831       4.386381322060e-11 
 1832       4.366625441123e-11 
 1833       4.346840627171e-11 
 1834       4.327032661450e-11 
 1835       4.307207350378e-11 
 1836       4.287370525583e-11 
 1837       4.267528043933e-11 
 1838       4.247685787572e-11 
 1839       4.227849663956e-11 
 1840       4.208025605882e-11 
 1841       4.188219571527e-11 
 1842       4.168437544482e-11 
 1843       4.148685533783e-11 
 1844       4.128969573947e-11 
 1845       4.109295725007e-11 
 1846       4.089670072545e-11 
 1847       4.070098727727e-11 
 1848       4.050587827336e-11 
 1849       4.031143533807e-11 
 1850       4.011772035262e-11 
 1851       3.992479086637e-11 
 1852       3.973268629039e-11 
 1853       3.954144159542e-11 
 1854       3.935109189119e-11 
 1855       3.916167242663e-11 
 1856       3.897321859002e-11 
 1857       3.878576590920e-11 
 1858       3.859935005173e-11 
 1859       3.841400682506e-11 
 1860       3.822977217676e-11 
 1861       3.804668219464e-11 
 1862       3.786477310697e-11 
 1863       3.768408128268e-11 
 1864       3.750464323147e-11 
 1865       3.732649560406e-11 
 1866       3.714967519234e-11 
 1867       3.697421892956e-11 
 1868       3.680016389050e-11 
 1869       3.662754729168e-11 
 1870       3.645640649150e-11 
 1871       3.628677899045e-11 
 1872       3.611870243128e-11 
 1873       3.595221459919e-11 
 1874       3.578735342201e-11 
 1875       3.562415697036e-11 
 1876       3.546266345787e-11 
 1877       3.530291124133e-11 
 1878       3.514493882088e-11 
 1879       3.498878484018e-11 
 1880       3.483448808663e-11 
 1881       3.468208749151e-11 
 1882       3.453162213017e-11 
 1883       3.438313122223e-11 
 1884       3.423665413174e-11 
 1885       3.409223036738e-11 
 1886       3.394989958262e-11 
 1887       3.380970157591e-11 
 1888       3.367167629087e-11 
 1889       3.353586381647e-11 
 1890       3.340230438720e-11 
 1891       3.327103160512e-11 
 1892       3.314205204829e-11 
 1893       3.301536550487e-11 
 1894       3.289097173692e-11 
 1895       3.276887048032e-11 
 1896       3.264906144476e-11 
 1897       3.253154431364e-11 
 1898       3.241631874409e-11 
 1899       3.230338436686e-11 
 1900       3.219274078633e-11 
 1901       3.208438758042e-11 
 1902       3.197832430057e-11 
 1903       3.187455047167e-11 
 1904       3.177306559207e-11 
 1905       3.167386913344e-11 
 1906       3.157696054083e-11 
 1907       3.148233923252e-11 
 1908       3.139000460007e-11 
 1909       3.129995600819e-11 
 1910       3.121219279478e-11 
 1911       3.112671427078e-11 
 1912       3.104351972024e-11 
 1913       3.096260840016e-11 
 1914       3.088397954055e-11 
 1915       3.080763234428e-11 
 1916       3.073356598713e-11 
 1917       3.066177961769e-11 
 1918       3.059227235730e-11 
 1919       3.052504330005e-11 
 1920       3.046009151272e-11 
 1921       3.039741603471e-11 
 1922       3.033701587801e-11 
 1923       3.027889002717e-11 
 1924       3.022303743921e-11 
 1925       3.016945704362e-11 
 1926       3.011814774230e-11 
 1927       3.006910840951e-11 
 1928       3.002233789180e-11 
 1929       2.997783500802e-11 
 1930       2.993559854921e-11 
 1931       2.989562257488e-11 
 1932       2.985788226280e-11 
 1933       2.982234795184e-11 
 1934       2.978898983579e-11 
 1935       2.975777796313e-11 
 1936       2.972868223684e-11 
 1937       2.970167241424e-11 
 1938       2.967671810673e-11 
 1939       2.965378877963e-11 
 1940       2.963285375200e-11 
 1941       2.961388219640e-11 
 1942       2.959684313871e-11 
 1943       2.958170545795e-11 
 1944       2.956843788605e-11 
 1945       2.955700900770e-11 
 1946       2.954738726009e-11 
 1947       2.953954093276e-11 
 1948       2.953343816739e-11 
 1949       2.952904695760e-11 
 1950       2.952633514875e-11 
 1951       2.952527043775e-11 
 1952       2.952582037286e-11 
 1953       2.952795235348e-11 
 1954       2.953163362998e-11 
 1955       2.953683130348e-11 
 1956       2.954351232564e-11 
 1957       2.955164349852e-11 
 1958       2.956119147432e-11 
 1959       2.957212275521e-11 
 1960       2.958440369312e-11 
 1961       2.959800048958e-11 
 1962       2.961287919547e-11 
 1963       2.962900571085e-11 
 1964       2.964634578477e-11 
 1965       2.966486501505e-11 
 1966       2.968452884811e-11 
 1967       2.970530257876e-11 
 1968       2.972715134997e-11 
 1969       2.975004015273e-11 
 1970       2.977393382584e-11 
 1971       2.979879677728e-11 
 1972       2.982459214674e-11 
 1973       2.985128263651e-11 
 1974       2.987883078909e-11 
 1975       2.990719898700e-11 
 1976       2.993634945255e-11 
 1977       2.996624424767e-11 
 1978       2.999684527365e-11 
 1979       3.002811427099e-11 
 1980       3.006001281915e-11 
 1981       3.009250233638e-11 
 1982       3.012554407949e-11 
 1983       3.015909914365e-11 
 1984       3.019312846217e-11 
 1985       3.022759280635e-11 
 1986       3.026245278519e-11 
 1987       3.029766884524e-11 
 1988       3.033320127041e-11 
 1989       3.036901018168e-11 
 1990       3.040505553700e-11 
 1991       3.044129713101e-11 
 1992       3.047769459486e-11 
 1993       3.051420739599e-11 
 1994       3.055079483796e-11 
 1995       3.058741606020e-11 
 1996       3.062403003782e-11 
 1997       3.066059558143e-11 
 1998       3.069707133690e-11 
 1999       3.073341578514e-11 
 2000       3.076958724196e-11 
 2001       3.080554385780e-11 
 2002       3.084124361755e-11 
 2003       3.087664434035e-11 
 2004       3.091170367936e-11 
 2005       3.094637912158e-11 
 2006       3.098062798763e-11 
 2007       3.101440743155e-11 
 2008       3.104767444059e-11 
 2009       3.108038583501e-11 
 2010       3.111249826785e-11 
 2011       3.114397176382e-11 
 2012       3.117478036433e-11 
 2013       3.120490155951e-11 
 2014       3.123431275608e-11 
 2015       3.126299127726e-11 
 2016       3.129091436267e-11 
 2017       3.131805916819e-11 
 2018       3.134440276592e-11 
 2019       3.136992214404e-11 
 2020       3.139459420672e-11 
 2021       3.141839577403e-11 
 2022       3.144130358180e-11 
 2023       3.146329428156e-11 
 2024       3.148434444043e-11 
 2025       3.150443054100e-11 
 2026       3.152352898127e-11 
 2027       3.154161607448e-11 
 2028       3.155866804909e-11 
 2029       3.157466104861e-11 
 2030       3.158957113154e-11 
 2031       3.160337427127e-11 
 2032       3.161604635594e-11 
 2033       3.162756318839e-11 
 2034       3.163790048602e-11 
 2035       3.164703388071e-11 
 2036       3.165493891871e-11 
 2037       3.166159106053e-11 
 2038       3.166696568088e-11 
 2039       3.167103806850e-11 
 2040       3.167378342614e-11 
 2041       3.167517687037e-11 
 2042       3.167519343158e-11 
 2043       3.167380805377e-11 
 2044       3.167099559455e-11 
 2045       3.166673082497e-11 
 2046       3.166098842944e-11 
 2047       3.165374300564e-11 
 2048       3.164496906441e-11 
 2049       3.163464102965e-11 
 2050       3.162273323820e-11 
 2051       3.160922465882e-11 
 2052       3.159411308595e-11 
 2053       3.157740104707e-11 
 2054       3.155909109278e-11 
 2055       3.153918579694e-11 
 2056       3.151768775666e-11 
 2057       3.149459959230e-11 
 2058       3.146992394756e-11 
 2059       3.144366348950e-11 
 2060       3.141582090854e-11 
 2061       3.138639891854e-11 
 2062       3.135540025679e-11 
 2063       3.132282768408e-11 
 2064       3.128868398472e-11 
 2065       3.125297196655e-11 
 2066       3.121569446102e-11 
 2067       3.117685432319e-11 
 2068       3.113645443176e-11 
 2069       3.109449768914e-11 
 2070       3.105098702143e-11 
 2071       3.100592537851e-11 
 2072       3.095931573403e-11 
 2073       3.091116108547e-11 
 2074       3.086146445415e-11 
 2075       3.081022888529e-11 
 2076       3.075745744802e-11 
 2077       3.070315323543e-11 
 2078       3.064731936460e-11 
 2079       3.058995897663e-11 
 2080       3.053107523666e-11 
 2081       3.047067133395e-11 
 2082       3.040875048184e-11 
 2083       3.034531591786e-11 
 2084       3.028037090371e-11 
 2085       3.021391872531e-11 
 2086       3.014596269286e-11 
 2087       3.007650614082e-11 
 2088       3.000555242799e-11 
 2089       2.993310493752e-11 
 2090       2.985916707694e-11 
 2091       2.978374534273e-11 
 2092       2.970685853725e-11 
 2093       2.962852861636e-11 
 2094       2.954877763092e-11 
 2095       2.946762772691e-11 
 2096       2.938510114552e-11 
 2097       2.930122022328e-11 
 2098       2.921600739218e-11 
 2099       2.912948517978e-11 
 2100       2.904167620937e-11 
 2101       2.895260320000e-11 
 2102       2.886228896668e-11 
 2103       2.877075642046e-11 
 2104       2.867802856857e-11 
 2105       2.858412851449e-11 
 2106       2.848907945813e-11 
 2107       2.839290469591e-11 
 2108       2.829562762086e-11 
 2109       2.819727172281e-11 
 2110       2.809786058841e-11 
 2111       2.799741790133e-11 
 2112       2.789596744234e-11 
 2113       2.779353308943e-11 
 2114       2.769013881793e-11 
 2115       2.758580870063e-11 
 2116       2.748056690788e-11 
 2117       2.737443770776e-11 
 2118       2.726744546612e-11 
 2119       2.715961464677e-11 
 2120       2.705096981154e-11 
 2121       2.694153562045e-11 
 2122       2.683133683179e-11 
 2123       2.672039830224e-11 
 2124       2.660874498700e-11 
 2125       2.649640193991e-11 
 2126       2.638339431357e-11 
 2127       2.626974735943e-11 
 2128       2.615548642794e-11 
 2129       2.604063696864e-11 
 2130       2.592522453032e-11 
 2131       2.580927478484e-11 
 2132       2.569281359874e-11 
 2133       2.557586696240e-11 
 2134       2.545846096639e-11 
 2135       2.534062180167e-11 
 2136       2.522237575964e-11 
 2137       2.510374923229e-11 
 2138       2.498476871230e-11 
 2139       2.486546079320e-11 
 2140       2.474585216942e-11 
 2141       2.462596963648e-11 
 2142       2.450584009104e-11 
 2143       2.438549053108e-11 
 2144       2.426494805599e-11 
 2145       2.414423986666e-11 
 2146       2.402339326566e-11 
 2147       2.390243565731e-11 
 2148       2.378139454782e-11 
 2149       2.366029754540e-11 
 2150       2.353917236036e-11 
 2151       2.341804680529e-11 
 2152       2.329694879510e-11 
 2153       2.317590634719e-11 
 2154       2.305494758155e-11 
 2155       2.293410072088e-11 
 2156       2.281339409071e-11 
 2157       2.269285611953e-11 
 2158       2.257251533887e-11 
 2159       2.245240038346e-11 
 2160       2.233253999134e-11 
 2161       2.221296300395e-11 
 2162       2.209369836629e-11 
 2163       2.197477512701e-11 
 2164       2.185622243851e-11 
 2165       2.173806955712e-11 
 2166       2.162034584317e-11 
 2167       2.150308076111e-11 
 2168       2.138630387964e-11 
 2169       2.127004487185e-11 
 2170       2.115433351527e-11 
 2171       2.103919720602e-11 
 2172       2.092465348237e-11 
 2173       2.081071745098e-11 
 2174       2.069740426840e-11 
 2175       2.058472914115e-11 
 2176       2.047270732574e-11 
 2177       2.036135412879e-11 
 2178       2.025068490699e-11 
 2179       2.014071506725e-11 
 2180       2.003146006669e-11 
 2181       1.992293541272e-11 
 2182       1.981515666311e-11 
 2183       1.970813942601e-11 
 2184       1.960189936002e-11 
 2185       1.949645217427e-11 
 2186       1.939181362842e-11 
 2187       1.928799953277e-11 
 2188       1.918502574830e-11 
 2189       1.908290818669e-11 
 2190       1.898166281042e-11 
 2191       1.888130563281e-11 
 2192       1.878185271805e-11 
 2193       1.868332018132e-11 
 2194       1.858572418875e-11 
 2195       1.848908095756e-11 
 2196       1.839340675609e-11 
 2197       1.829871790381e-11 
 2198       1.820503077144e-11 
 2199       1.811236178097e-11 
 2200       1.802072740573e-11 
 2201       1.793014417042e-11 
 2202       1.784062865120e-11 
 2203       1.775219747571e-11 
 2204       1.766486732314e-11 
 2205       1.757865492431e-11 
 2206       1.749357706169e-11 
 2207       1.740965056945e-11 
 2208       1.732689233355e-11 
 2209       1.724531929177e-11 
 2210       1.716494843378e-11 
 2211       1.708579363987e-11 
 2212       1.700785617427e-11 
 2213       1.693113412899e-11 
 2214       1.685562557943e-11 
 2215       1.678132858429e-11 
 2216       1.670824118561e-11 
 2217       1.663636140874e-11 
 2218       1.656568726227e-11 
 2219       1.649621673806e-11 
 2220       1.642794781118e-11 
 2221       1.636087843992e-11 
 2222       1.629500656574e-11 
 2223       1.623033011327e-11 
 2224       1.616684699026e-11 
 2225       1.610455508759e-11 
 2226       1.604345227921e-11 
 2227       1.598353642216e-11 
 2228       1.592480535651e-11 
 2229       1.586725690536e-11 
 2230       1.581088887481e-11 
 2231       1.575569905393e-11 
 2232       1.570168521476e-11 
 2233       1.564884511226e-11 
 2234       1.559717648430e-11 
 2235       1.554667705163e-11 
 2236       1.549734451790e-11 
 2237       1.544917656956e-11 
 2238       1.540217087589e-11 
 2239       1.535632508899e-11 
 2240       1.531163684371e-11 
 2241       1.526810375764e-11 
 2242       1.522572343114e-11 
 2243       1.518449344725e-11 
 2244       1.514441137169e-11 
 2245       1.510547475284e-11 
 2246       1.506768112174e-11 
 2247       1.503102799202e-11 
 2248       1.499551285993e-11 
 2249       1.496113320426e-11 
 2250       1.492788648637e-11 
 2251       1.489576817024e-11 
 2252       1.486476576866e-11 
 2253       1.483486475829e-11 
 2254       1.480605055595e-11 
 2255       1.477830851857e-11 
 2256       1.475162394311e-11 
 2257       1.472598206651e-11 
 2258       1.470136806557e-11 
 2259       1.467776705695e-11 
 2260       1.465516409706e-11 
 2261       1.463354418197e-11 
 2262       1.461289224740e-11 
 2263       1.459319316861e-11 
 2264       1.457443176031e-11 
 2265       1.455659277666e-11 
 2266       1.453966091112e-11 
 2267       1.452362079646e-11 
 2268       1.450845700461e-11 
 2269       1.449415404666e-11 
 2270       1.448069637274e-11 
 2271       1.446806837199e-11 
 2272       1.445625437246e-11 
 2273       1.444523864106e-11 
 2274       1.443500538347e-11 
 2275       1.442553874410e-11 
 2276       1.441682280600e-11 
 2277       1.440884159079e-11 
 2278       1.440157905859e-11 
 2279       1.439501910796e-11 
 2280       1.438914557585e-11 
 2281       1.438394223746e-11 
 2282       1.437939280626e-11 
 2283       1.437548093385e-11 
 2284       1.437219020994e-11 
 2285       1.436950416224e-11 
 2286       1.436740625642e-11 
 2287       1.436587989602e-11 
 2288       1.436490842241e-11 
 2289       1.436447511468e-11 
 2290       1.436456318960e-11 
 2291       1.436515584044e-11 
 2292       1.436623635389e-11 
 2293       1.436778799375e-11 
 2294       1.436979396202e-11 
 2295       1.437223739884e-11 
 2296       1.437510138243e-11 
 2297       1.437836892902e-11 
 2298       1.438202299277e-11 
 2299       1.438604646570e-11 
 2300       1.439042217763e-11 
 2301       1.439513289612e-11 
 2302       1.440016132638e-11 
 2303       1.440549011122e-11 
 2304       1.441110183097e-11 
 2305       1.441697900341e-11 
 2306       1.442310408373e-11 
 2307       1.442945946440e-11 
 2308       1.443602747517e-11 
 2309       1.444279038296e-11 
 2310       1.444973039180e-11 
 2311       1.445682964278e-11 
 2312       1.446407021394e-11 
 2313       1.447143412024e-11 
 2314       1.447890331348e-11 
 2315       1.448645968223e-11 
 2316       1.449408505175e-11 
 2317       1.450176118395e-11 
 2318       1.450946977728e-11 
 2319       1.451719246671e-11 
 2320       1.452491082361e-11 
 2321       1.453260635574e-11 
 2322       1.454026050712e-11 
 2323       1.454785465801e-11 
 2324       1.455537012481e-11 
 2325       1.456278816000e-11 
 2326       1.457008995210e-11 
 2327       1.457725662554e-11 
 2328       1.458426924066e-11 
 2329       1.459110879360e-11 
 2330       1.459775621622e-11 
 2331       1.460419403014e-11 
 2332       1.461041132017e-11 
 2333       1.461639879197e-11 
 2334       1.462214712075e-11 
 2335       1.462764695130e-11 
 2336       1.463288889788e-11 
 2337       1.463786354429e-11 
 2338       1.464256144372e-11 
 2339       1.464697311881e-11 
 2340       1.465108906159e-11 
 2341       1.465489973343e-11 
 2342       1.465839556501e-11 
 2343       1.466156695633e-11 
 2344       1.466440427661e-11 
 2345       1.466689786434e-11 
 2346       1.466903802716e-11 
 2347       1.467081504189e-11 
 2348       1.467221915449e-11 
 2349       1.467324057998e-11 
 2350       1.467386950249e-11 
 2351       1.467409607515e-11 
 2352       1.467391042010e-11 
 2353       1.467330262845e-11 
 2354       1.467226276025e-11 
 2355       1.467078084445e-11 
 2356       1.466884687886e-11 
 2357       1.466645083015e-11 
 2358       1.466358263380e-11 
 2359       1.466023219404e-11 
 2360       1.465638938386e-11 
 2361       1.465204404496e-11 
 2362       1.464718598773e-11 
 2363       1.464180499119e-11 
 2364       1.463589080299e-11 
 2365       1.462943313935e-11 
 2366       1.462242168505e-11 
 2367       1.461484609338e-11 
 2368       1.460669598614e-11 
 2369       1.459796095356e-11 
 2370       1.458863055430e-11 
 2371       1.457869633679e-11 
 2372       1.456815791701e-11 
 2373       1.455701693815e-11 
 2374       1.454527505268e-11 
 2375       1.453293392238e-11 
 2376       1.451999521831e-11 
 2377       1.450646062085e-11 
 2378       1.449233181969e-11 
 2379       1.447761051387e-11 
 2380       1.446229841175e-11 
 2381       1.444639723107e-11 
 2382       1.442990869892e-11 
 2383       1.441283455177e-11 
 2384       1.439517653547e-11 
 2385       1.437693640529e-11 
 2386       1.435811592589e-11 
 2387       1.433871687136e-11 
 2388       1.431874102521e-11 
 2389       1.429819018041e-11 
 2390       1.427706613937e-11 
 2391       1.425537071399e-11 
 2392       1.423310572560e-11 
 2393       1.421027300507e-11 
 2394       1.418687439272e-11 
 2395       1.416291173842e-11 
 2396       1.413838690153e-11 
 2397       1.411330175097e-11 
 2398       1.408765816517e-11 
 2399       1.406145803213e-11 
 2400       1.403470324942e-11 
 2401       1.400739572419e-11 
 2402       1.397953737315e-11 
 2403       1.395113012263e-11 
 2404       1.392217590856e-11 
 2405       1.389267667650e-11 
 2406       1.386263438163e-11 
 2407       1.383205098878e-11 
 2408       1.380092847242e-11 
 2409       1.376926881670e-11 
 2410       1.373707401543e-11 
 2411       1.370434725308e-11 
 2412       1.367109645549e-11 
 2413       1.363733076073e-11 
 2414       1.360305934012e-11 
 2415       1.356829139832e-11 
 2416       1.353303617328e-11 
 2417       1.349730293635e-11 
 2418       1.346110099227e-11 
 2419       1.342443967924e-11 
 2420       1.338732836893e-11 
 2421       1.334977646651e-11 
 2422       1.331179341071e-11 
 2423       1.327338867385e-11 
 2424       1.323457176185e-11 
 2425       1.319535221431e-11 
 2426       1.315573960449e-11 
 2427       1.311574353941e-11 
 2428       1.307537365981e-11 
 2429       1.303463964027e-11 
 2430       1.299355118916e-11 
 2431       1.295211804875e-11 
 2432       1.291034999519e-11 
 2433       1.286825683858e-11 
 2434       1.282584842300e-11 
 2435       1.278313462652e-11 
 2436       1.274012536126e-11 
 2437       1.269683057343e-11 
 2438       1.265326024335e-11 
 2439       1.260942438548e-11 
 2440       1.256533304847e-11 
 2441       1.252099631522e-11 
 2442       1.247642430283e-11 
 2443       1.243162716275e-11 
 2444       1.238661508071e-11 
 2445       1.234139827685e-11 
 2446       1.229598700566e-11 
 2447       1.225039155610e-11 
 2448       1.220462225158e-11 
 2449       1.215868945002e-11 
 2450       1.211260354389e-11 
 2451       1.206637497452e-11 
 2452       1.202001427516e-11 
 2453       1.197353202828e-11 
 2454       1.192693885128e-11 
 2455       1.188024539660e-11 
 2456       1.183346235167e-11 
 2457       1.178660043903e-11 
 2458       1.173967041629e-11 
 2459       1.169268307622e-11 
 2460       1.164564924677e-11 
 2461       1.159857979109e-11 
 2462       1.155148560758e-11 
 2463       1.150437762993e-11 
 2464       1.145726682715e-11 
 2465       1.141016420360e-11 
 2466       1.136308079902e-11 
 2467       1.131602768860e-11 
 2468       1.126901598298e-11 
 2469       1.122205682830e-11 
 2470       1.117516140623e-11 
 2471       1.112834093400e-11 
 2472       1.108160666447e-11 
 2473       1.103496988612e-11 
 2474       1.098844192312e-11 
 2475       1.094203413534e-11 
 2476       1.089575791841e-11 
 2477       1.084962470373e-11 
 2478       1.080364595852e-11 
 2479       1.075783318588e-11 
 2480       1.071219792476e-11 
 2481       1.066675175008e-11 
 2482       1.062150627268e-11 
 2483       1.057647313944e-11 
 2484       1.053166403323e-11 
 2485       1.048709067302e-11 
 2486       1.044276481387e-11 
 2487       1.039869824700e-11 
 2488       1.035490279979e-11 
 2489       1.031139033582e-11 
 2490       1.026817275494e-11 
 2491       1.022525686223e-11 
 2492       1.018262894191e-11 
 2493       1.014027009284e-11 
 2494       1.009816135125e-11 
 2495       1.005628369069e-11 
 2496       1.001461802197e-11 
 2497       9.973145193068e-12 
 2498       9.931845989108e-12 
 2499       9.890701132267e-12 
 2500       9.849691281725e-12 
